17446232057
17467237103
18040009335
17442214419
17470628891
17851613163
17473663830
18999233089
17687521673
17443234413
20596374332
23430820838
17943883868
18685939483
18030144053
17820951098
18950414506
16443948225
19492976345
17786551207
18195805153
17918941066
17564652148
21422605974
23730200591
23834164489
20156762320
17699832502
19014345422
22187074945
23852989367
21743007184
22581410078
18068710841
18214759119
18163578103
18795454677
23622754812
23214516921
20018369922
17764102280
17576182340
20473532844
17302914461
19183543032
23689757155
20953662702
23429986466
18015948581
17360466605
18012928344
18327492465
21056445745
21443706943
18244569199
17734740549
17522298458
23644544469
23514650023
17977440710
18082915147
18920534885
18726605462
18882076890
23652292678
23714846914
18140724766
21209592606
17497300831
21257446214
23312497692
17919174415
18807717526
18548503359
23787151351
22974887398
19549449069
19995642591
23119938429
17689991429
18074726385
23432748743
17604825875
22828364563
18261049826
17784279239
17449731153
17655449140
17523399626
23209212382
23756868000
23784785235
17884617427
19051854299
17790530244
17460492550
21626227396
23260481857
23229663032
19802219428
17606141134
23203543352
17404429085
20471320647
19416245805
24879841095
17907373412
17603134181
19045251188
23819482878
18328400232
17591480762
18674037126
23443137913
23759740725
17638275761
20955360937
23389840873
22901550601
17540694432
22027841059
23891420086
17873735363
18173982631
18914770088
23419148766
24218612440
23643865187
23370339176
18350762728
17628500018
18361950918
23800286051
18071565814
17551025697
16703020802
19652254981
19160323356
18386502689
22825631339
23465517088
17851802203
19025159290
23561758931
23205882097
17761508333
18964769918
19774653503
23377067690
23840544500
17630197430
17883707416
22955038994
19227522802
17644832010
19501631828
23781745860
23606813298
19463252102
17900833204
21166735715
22817470746
21209724889
18207972150
17649616594
17873731140
23444458846
18242533816
23763217707
18518750225
17821916319
18842748466
23589905852
23308347574
23942030370
19410849728
17608023482
20236394600
23324179708
19797476285
18104915186
17751729301
19405021484
23827535195
22420291887
18995420898
17581787566
18536609023
23455223522
18369387994
17650833052
18433664333
23834180691
23850738509
19238368782
19020925414
17872556102
23508510037
23849764532
21777800398
17570703753
20880739079
