20572736
23578107
20676165
20469014
20510569
20251315
20588931
20508262
20435976
20550795
20537036
20404894
20575308
20591302
20648991
20601149
20458601
20526348
20419419
20367736
20442396
20671618
20480460
20565946
20544993
20468586
20502808
20534796
20474312
20510071
20681603
20445606
20366684
20453638
20604287
20522781
20431707
20517962
20438691
20808713
20454475
20543733
20464531
20110643
20113785
20167843
20218199
20379254
20072578
20205208
20233005
24947547
23407182
22045823
20427724
20652336
20785315
20672660
20541147
20488137
20656456
20465508
20485622
20455730
20522429
20471723
20508810
20577814
20496448
20437292
20459152
20231118
20472212
20580608
20494073
20512441
20530809
20518866
20644722
20538353
20573553
20689109
20514021
20609498
20273214
20489307
20736549
20392861
20501817
20574526
20494420
20562379
20418578
20509095
20464189
20644941
20579291
20515528
20509594
20513508
20824305
20525453
20431462
20607603
20287938
20283539
20179405
20396125
20481264
20830124
20623253
20503824
20558930
20313436
20502848
20765595
20539657
20531206
20556210
20551252
20554675
20507252
20531976
20509628
20495240
20634226
20452288
20388523
20346828
20463534
20523878
21105521
20495104
20435668
21240665
21227466
23167674
20516127
20456133
20478831
22177736
20444260
20469264
20606573
20459975
20437835
20407594
20412413
20448312
20444610
20822664
20619565
20650435
20501532
20559640
20641076
20474713
20405709
20478065
20513038
20460939
20516118
20445162
20398092
20482184
20444262
20433998
20566141
20439102
20479612
20627470
20494283
20706534
22322884
22651003
20460488
20593189
20486473
20534525
20844695
20487525
20459379
20748736
20446043
20457148
20377740
20595158
20536142
20649567
20471332
20532304
20501085
20482928
20482859
20509120
20578404
20625687
20475947
20904777
20528679
20627856
20606973
