53080
41765
40788
40439
40648
40858
40788
41556
41626
40369
40788
40648
40787
40299
41766
40717
40578
41416
40788
41626
40718
41835
41696
40718
40858
41416
40648
40927
40718
41067
41417
40787
40648
40578
40858
40648
40578
40787
40717
41556
40648
41626
41277
40578
40787
40787
40858
40857
41556
40997
40857
41346
41766
40787
40997
40857
40718
41625
40997
41696
41556
41556
40857
40927
41067
41416
40578
40718
40718
40858
41486
40718
40717
40578
40648
40578
41696
41136
41346
40858
40788
40578
41137
41207
41416
40787
40718
40718
40787
40648
40788
40648
40717
40858
41067
40788
40997
41416
40927
40788
40648
40858
103995
40438
40927
40438
40648
84648
40439
40159
40369
40509
40369
40439
40508
40369
40369
40369
40369
40299
40369
40299
40508
40718
40368
40299
40508
40438
40299
40439
40229
40368
40438
40438
40439
40369
40509
40788
40299
40368
40299
40299
40439
40299
40229
40299
40438
40369
40299
40438
40439
40299
40439
40229
40508
40439
40368
88070
40369
40368
40298
40508
40368
40368
40368
40299
40369
40368
40578
40509
40299
40368
40299
40298
40439
40368
40369
40368
40438
40369
40228
40508
40299
40438
40439
40368
40368
40509
84578
40438
71309
39879
40928
40578
40439
40369
40229
40368
40368
40508
40927
40439
