160777385
174788246
170016869
171288408
171232110
167711511
169925008
168795170
168746138
170357248
167184044
168162876
169651134
170000131
169198551
167801779
171687156
168621509
170390603
170461420
170632531
168832003
168552004
168554725
168958131
168687421
168645024
168967971
171743629
168629514
168436049
171438415
172095277
170619025
173100159
168488772
172297324
167473827
168688727
167252286
170239077
171267428
170204433
160372501
160520914
160523776
161969084
160404764
160405601
163085715
160778347
175691559
172238363
168721401
167602252
170744092
171876718
167076760
170110275
171388941
172053626
169786556
168245353
169008585
168315055
171418202
170583032
169623892
172254139
171393686
168616910
168718320
174030429
168330347
167786838
168691570
171279423
169558168
169771255
170711398
168674527
168367650
168052700
168282646
169193972
169641195
168395733
170162261
168565563
168523120
168607096
172027061
169823577
175180387
169166753
168722924
168099882
168799225
170924737
168454591
171800235
168791673
170844237
167604770
170923942
167965238
169396446
169485710
169874944
167863156
168798484
168033581
168992235
168159865
169782925
167828895
168282242
166425850
168819754
167315644
167629028
169628604
168545430
169369638
171415727
167508078
167446619
166496563
167656430
167901159
170257137
172773403
171180661
166431973
171615361
174845620
170688911
169502090
168962003
167992251
168198914
168077111
171632554
168240544
166623356
167735520
170530664
167607711
167743275
167977735
168180348
169615879
167985281
167748727
169597583
170927723
167894560
169601287
169285183
167796059
168298875
168730246
169010830
169323956
169113475
167833018
167419925
170130785
169269585
168117568
169081472
168904578
167995883
171639824
169257261
171062967
168342854
168384491
168159823
172174760
172907762
167875602
171500052
168098487
167752432
169582367
170692860
170032024
168168933
168181024
169347668
168096669
168088922
169992818
169044443
172069926
171924381
168136794
167895846
168635337
168090716
171607326
