1955
1816
1607
1886
1885
2095
1746
2304
1816
2026
2026
1816
1886
1956
1886
1816
2096
2165
1816
1746
2165
1746
1816
1955
1955
1886
2095
1886
1886
2026
1816
1886
2025
1886
1886
2025
1955
1816
1816
2026
2026
2095
1747
1746
1816
1956
1816
1956
1816
1886
2165
1956
1816
2235
1327
1956
1816
1536
1955
1816
1746
1886
1816
2026
1816
1886
1746
1746
1606
1816
1956
1886
1886
1955
1955
1955
2095
1955
1885
1956
1886
2026
1746
1746
1885
1816
2095
1746
1816
2165
2235
1886
1885
1955
1746
1956
1885
1885
2305
2095
1816
1746
1885
1606
1397
1537
1606
1676
1536
1537
1536
1536
1467
1746
1327
1537
1467
1536
1607
1537
1606
1607
1536
1606
1676
1537
1606
1536
1467
1606
1536
1537
1606
1467
1607
1746
1467
1536
1537
1537
1606
1466
1536
1536
1536
1537
1536
1537
1537
1537
1537
1607
1537
1327
1536
1257
1676
1606
1607
1537
1606
1606
1536
1537
1676
1606
1536
1537
1606
1537
1607
1537
1676
1537
1467
1537
1607
1885
1466
1537
1397
1467
1606
1466
1606
1537
1536
1606
1606
1467
1466
1537
1467
1606
1676
1536
1606
1606
1606
1536
1466
1606
