310588
307235
437002
306956
307095
306956
306956
306886
306816
306886
306955
306885
353540
306885
307095
306885
307025
307026
351166
306885
307025
307234
306816
307025
352492
307025
307026
306816
307025
306886
306815
306956
307026
306815
306955
306816
306955
307235
334962
306886
337825
307025
307026
307165
306885
307025
306746
306886
307095
306886
306885
307026
307095
307025
307165
334962
343343
306956
307095
306886
306885
307025
351724
306886
307025
307026
306885
306955
307026
307025
306956
306955
307026
306815
306885
306815
307095
306886
306956
306956
306816
307024
307024
306954
306814
306884
306954
307304
306814
351373
306884
307234
306954
334822
306884
335030
306954
307024
306954
306885
306884
306885
372886
307095
307234
307234
309259
307094
307513
336079
307305
307094
334822
307164
307165
307165
307235
307165
338174
307304
307094
307234
307164
307304
307095
307234
307164
307304
307584
307235
307304
307095
307095
307235
307095
307234
307025
307025
307095
307164
307094
307234
307165
307165
307235
307095
307165
307025
307165
307514
307165
307025
307165
307095
307095
307094
307094
307095
306885
307094
307233
307163
307303
307373
307234
307303
307163
307164
307163
307233
307094
307094
307164
307234
337545
307164
307095
307234
307094
307024
307234
307024
307025
307095
307164
307165
307025
351863
307164
307094
306954
336289
307234
307094
307095
307095
336148
307235
307305
307165
307094
307513
