3353
2165
2235
2375
2235
2235
2305
2165
2165
2166
2514
2444
2166
2165
2165
2235
2304
2305
2305
2375
2515
2235
2305
2304
2305
2305
2374
2305
2514
2235
2165
2305
2305
2235
2165
2445
2444
2304
2305
2654
2235
2305
2235
1886
2374
2305
2654
2235
2375
2165
2305
2165
2305
2095
2305
2235
2305
2654
2165
2165
2305
2375
2235
2375
2305
2305
2445
2305
2165
2235
2374
2235
2166
2444
2305
2305
2235
2305
2304
2375
2305
2235
2375
2166
2235
2375
2374
2235
2374
2444
2235
2375
2235
2375
2235
2235
2374
2445
2514
1886
2305
2305
2165
2095
2235
2305
2305
2375
2305
1886
2095
2445
2235
2375
2235
2095
2095
2165
2235
2724
2235
2166
2165
2235
2235
2095
3074
2165
2095
2165
2305
1956
2095
2235
2026
2025
2374
2095
2096
2165
2235
2375
2166
2235
2166
2235
2235
2165
2165
2165
2165
2235
2235
2166
2165
2165
2305
2165
2235
2235
2514
2165
2514
2165
2584
2305
2305
2234
2165
1886
2235
2166
2235
2095
2374
2305
2165
2165
2305
2235
1955
2235
2305
2165
2026
2166
2235
2305
2165
2374
2095
2095
2235
2095
2305
2025
2305
2165
2095
2235
2165
2165
