1735925438
1782244873
1809623115
1769735390
1791242207
1838290171
1920917392
1811194880
1850000232
1834758993
1832011230
1763939837
1895610787
1898652788
1742529038
1770747961
1814872207
1852566939
1763063304
1830945623
1908363050
1775773627
1746295963
1811875456
1807125757
1899754759
1746297961
1795388393
1772941237
1723041930
1754167890
1897658255
1898795891
1932252687
1751474927
1657805181
1754812160
1809338535
1884368900
1769866346
1655456267
1765867804
1761397419
1749182960
1760988617
1749780720
1709749116
1728705402
1694925633
1696235932
1711844346
1866144006
1900720516
1888012417
1847632935
1812637081
1831288090
1859801762
1862991228
1850080309
1809581120
1868475553
1817227479
1846229416
1823925803
2006912831
1874480403
1796032173
1731667573
1794232340
1851194943
1733229999
1789481471
1881192332
1839953521
1897868560
1901180741
1897638146
1801674885
1753950271
1737713413
1790924306
1898283004
1751307319
1800841730
1719846563
1724805007
1739746890
1816193801
1758910918
1845299721
1898716337
1826274113
1718386636
1725518009
1807985423
1814136342
1768660885
1888638685
1872909880
1891796094
1736799496
1674206537
1789663897
2136362588
2124090417
1811669981
1840734242
1866935055
1805853945
1774808471
1737641759
1745667475
1820573273
1919740124
1771611865
1807720782
1805208406
1911213475
1737425144
1865227083
1945375290
1940566512
1812407598
1802934973
1788173921
1744573341
1824049389
1774962516
1747637813
1748856016
1739471032
1800107433
1673764871
1732854063
1737266551
1735304358
1754372958
1741056988
1732384245
1926513867
1881071533
1738599033
1744370501
1923322154
1932181404
1814184642
1816995092
1747298263
1914608949
1737192302
1752026589
1756874883
1733688009
1738984477
1805018817
1765711312
1929689914
1761844111
1743352395
1789011341
1789684640
1921790344
1838515231
1718380204
1809254409
1822822626
1924316267
1851447288
1750680203
1739739396
1835945198
1776674053
1925650781
1920425213
1833470618
1670926032
1728541127
1829295611
1929533084
1952238426
1735639013
1747330415
1772232955
1712927268
1814737149
1820862294
1846021069
1786811646
1798809585
1789616171
1793557273
1750418496
1924623063
2006608293
1748627336
1776128936
1851581697
1920563071
1923166002
1835631962
1818682230
