2545533
2510891
2533868
2481556
2513683
2516616
2498877
2482394
2502997
2482534
2508096
2484419
2508096
2482952
2484139
2524927
2502089
2481625
2587087
2483860
2500622
2484069
2519060
2481974
2507606
2483441
2484279
2517524
2497478
2481905
2516057
2508025
2483371
2519968
2515847
2482253
2481974
2501809
2498876
2516895
2499294
2484138
2503346
2509282
2508933
2517173
2525136
2485046
2483092
2481625
2538545
2482113
2504812
2508094
2517873
2501041
2505720
2483859
2498387
2510539
2517663
2503555
2499574
2502507
2482322
2482532
2481833
2513821
2481554
2510888
2515917
2483859
2521783
2502577
2484767
2483510
2500342
2552444
2482114
2505441
2516057
2573872
2504660
2520584
2484197
2481544
2482662
2499913
2484059
2508924
2484130
2509064
2484130
2500753
2519052
2519681
2501592
2519821
2484272
2521427
2502152
2484342
9005966
2484694
2482878
2512979
2536028
2509488
2647844
2505646
2506345
2482180
2524784
2530441
2512771
2528834
2507673
2508092
2525622
2506416
2507323
2484485
2510676
2510676
2481901
2508232
2527159
2481831
2507813
2525622
2525343
2510467
2483578
2483578
2506555
2482321
2482949
2508791
2484555
2501598
2501667
2483648
2482461
2524784
2505089
2483159
2483857
2484905
2502016
2482950
2485184
2522061
2518848
2482530
2499712
2483089
2502366
2507743
2501178
2510596
2502635
2483708
2500890
2499912
2505011
2500890
2482872
2484548
2502428
2483571
2482245
2484269
2482314
2484130
2528410
2484201
2483433
2527783
2506830
2484132
2502640
2527435
2483504
2502221
2483923
2510114
2484761
2501384
2501454
2483994
2525969
2505994
2481409
2509067
2501943
2511651
2519614
2511302
2511512
2515633
2521081
2521151
