8521
6216
6705
6705
6496
6565
6705
6984
6844
6774
6845
6426
6914
6635
7403
6496
6705
6844
6844
6705
6635
6844
6774
6635
6845
6705
6984
6635
6845
6775
6565
6635
6914
6565
6984
6565
6635
6565
6775
7473
6705
6704
6845
6705
6635
6775
6635
6635
6775
6634
6774
6774
6984
6704
6915
6775
6775
6565
6635
6775
35619
6774
6845
6704
6984
6845
6565
6356
6914
6914
6845
6635
6635
6775
6495
6705
6565
6705
6705
6635
6775
6705
6705
6566
6565
6845
6705
6565
6774
6914
6495
7473
7263
6426
6146
6705
6914
6565
6705
6705
6356
7334
6844
6426
6775
6635
6635
6565
6705
6705
6425
6495
6495
6425
6565
6635
7404
6635
6566
6914
6495
6496
6635
6565
6496
6635
6566
6495
6495
6426
6425
6495
7334
6635
6355
6705
6775
6705
6565
6495
6566
6496
6496
6635
6426
6635
6565
6425
6635
6844
7264
6705
6495
6565
6495
6495
6426
6425
6495
6635
6705
6496
6635
6635
6355
6425
6705
6495
6425
6845
6844
6914
6495
6216
6565
6496
6426
6635
6775
6775
6635
6914
6704
6565
6845
6426
6775
6565
6496
6495
6426
6496
6356
6495
6425
6425
6635
6705
6635
6565
6495
6565
